EHM001	33.981	133.5490	10.43	292.63
EHM002	33.9216	133.3074	3.77	269.81
EHM003	33.9266	133.0843	15.24	252.13
EHM004	34.0624	132.9982	14.38	253.54
EHM005	33.7974	132.9141	10.67	231.33
EHM006	33.641	133.0082	6.51	231.15
EHM007	33.9621	132.7722	13.73	230.07
EHM008	33.8198	132.7282	19.53	217.88
EHM009	33.6324	132.7963	7.84	213.06
EHM010	33.4512	132.6882	13.29	195.5
EHM011	33.4496	132.4336	36.24	173.91
EHM012	33.2217	132.5727	20.68	176.74
EHM013	33.3924	132.1141	17.92	144.66
EHM014	32.9453	132.5047	26.57	164.19
EHM015	33.6094	132.4768	14.72	185.84
EHM016	33.7654	132.7089	17.96	213.17
FKO001	33.8425	130.5086	65.54	123.41
FKO002	33.8263	130.7053	57.72	119.46
FKO003	33.8324	130.9014	61.09	120.72
FKO004	33.7388	131.0095	109.93	112.01
FKO005	33.6519	130.6962	113.04	100.14
FKO006	33.5969	130.3985	69.42	99.75
FKO007	33.561	130.2024	44.01	103.86
FKO008	33.5716	130.8539	78.88	91.43
FKO009	33.4952	130.5163	63.78	85.64
FKO010	33.4235	130.6689	80.05	75.06
FKO011	33.3235	130.5115	122.56	67.6
FKO012	33.3319	130.7939	62.36	64.44
FKO013	33.2252	130.5607	172.96	55.76
FKO014	33.1491	130.8182	97.35	44.36
FKO015	33.1627	130.4052	206.73	56.42
FKO016	33.0159	130.4471	144.96	41.46
HRS003	34.8143	132.8418	3.93	299.13
HRS004	34.7262	132.2772	5.37	260.33
HRS006	34.6659	132.4077	4.21	261.56
HRS008	34.6029	132.7201	8.94	274.12
HRS009	34.4926	132.2794	10.33	239.08
HRS010	34.5868	133.0488	4.06	293.88
HRS012	34.4276	132.7422	8.12	261.37
HRS013	34.3768	132.4505	10.77	238.91
HRS014	34.2869	132.2766	15.37	220.92
HRS016	34.4198	133.1971	4.32	291.94
HRS017	34.404	133.0832	3.73	282.74
HRS018	34.3413	132.9068	14.84	265.89
HRS019	34.253	132.5617	19.46	235.93
HRS020	34.3027	133.1693	7.15	281.93
KGS001	32.1947	130.1763	138.01	82.9
KGS002	32.0916	130.3519	66.78	83.01
KGS003	32.0559	130.5874	80.87	79.23
KGS004	32.0145	130.1927	44.88	97.99
KGS005	31.9006	130.4513	65.39	99.18
KGS006	31.906	130.7021	108.92	94.35
KGS007	31.8143	130.3032	53.2	112.94
KGS008	31.7621	130.5699	51.31	111.65
KGS009	31.7368	130.7613	25.22	113
KGS010	31.7123	130.2735	44.14	124.51
KGS011	31.5896	130.349	28.88	135.08
KGS012	31.6057	130.574	25.35	128.8
KGS013	31.5973	130.9938	13.27	130.35
KGS014	31.496	130.6999	8.26	139.89
KGS015	31.4304	131.011	16.48	148.93
KGS016	31.4162	130.3225	10.79	154.3
KGS017	31.3954	130.8702	8.59	151.3
KGS018	31.3757	130.5449	19.44	154.51
KGS019	31.2776	130.3008	8.16	169.72
KGS020	31.2396	130.4915	10.44	170.2
KGS021	31.2535	130.6324	8.49	167.18
KGS022	31.2804	131.0504	3.59	165.99
KGS023	31.199	130.849	7.3	172.99
KGS036	31.836	129.8678	49.15	132.14
KMM001	33.1208	131.0687	219.73	49.92
KMM002	33.0185	130.6846	190.27	30.39
KMM003	32.9336	130.5477	217.25	28.36
KMM004	32.932	131.1214	346.68	39.03
KMM005	32.8761	130.8774	525.56	17.43
KMM006	32.7934	130.7772	827.2	4.71
KMM007	32.8267	131.1226	420.33	34.69
KMM008	32.6878	130.6582	771.12	12.12
KMM009	32.6858	130.9856	776.55	22.21
KMM010	32.6136	130.4874	106.51	30.01
KMM011	32.6167	130.8652	602.41	17.97
KMM012	32.5078	130.6024	197.47	31.09
KMM013	32.365	130.5099	154.78	49.19
KMM014	32.3961	130.8268	159.82	40.15
KMM015	32.2161	130.4046	116.88	68.47
KMM016	32.1966	130.7757	92.98	61.88
KMM017	32.2561	130.9257	102.47	57.35
KMM018	32.3942	130.3885	142.79	53.07
KMM019	32.4548	130.1807	90.01	63.75
KMM020	32.3636	130.1807	52.33	69.59
KMM021	32.3793	129.9997	67.33	82.64
KMM022	32.1945	130.0265	93.69	92.83
KOC005	33.5934	133.6921	4.58	288.28
KOC006	33.4945	133.4165	10.8	260.59
KOC007	33.5611	133.5271	15.4	272.64
KOC008	33.7758	133.3465	4.63	265.85
KOC009	33.5742	133.1718	5.22	242.18
KOC010	33.3925	133.2896	6.41	246.02
KOC011	33.3982	132.8962	8.95	211.4
KOC012	33.1967	132.9758	11.94	212.32
KOC013	33.0797	133.1015	45.71	221.38
KOC014	32.9895	132.9377	30.57	204.89
KOC015	32.937	132.7252	45.59	184.54
KOC016	32.7359	132.9754	8.61	207.02
KOC017	33.7691	133.6565	6.5	291.88
MYZ001	32.705	131.3089	186.97	51.44
MYZ002	32.6978	131.6831	193.63	86.38
MYZ003	32.5659	131.6598	85.97	86.58
MYZ004	32.3889	131.3339	107.92	67.16
MYZ005	32.4281	131.6003	38.56	86.45
MYZ006	32.2565	131.5609	142.08	93.06
MYZ007	32.2353	131.1158	82.08	66.44
MYZ008	32.106	131.3928	160.82	93.17
MYZ009	32.0461	130.811	75.45	78.74
MYZ010	31.9968	130.9721	51.28	86.37
MYZ011	31.9951	131.2557	79.35	96.19
MYZ012	31.8723	131.0685	77.3	102.08
MYZ013	31.9087	131.4187	64.71	112.34
MYZ014	31.8454	131.3026	45.57	112.99
MYZ015	31.7185	131.0621	45.15	118.44
MYZ016	31.6129	131.3743	21.8	139.25
MYZ017	31.4637	131.2277	33.55	149.92
MYZ018	31.3985	131.3052	12.73	159.07
MYZ019	32.5006	131.4444	64.44	69.8
MYZ020	32.455	131.147	180.6	48.98
NGS001	33.3616	129.5383	44.97	132.61
NGS002	33.3444	129.7054	52.32	118.42
NGS003	33.2016	129.4128	77.62	135.38
NGS004	33.1808	129.7177	29.76	108.42
NGS005	33.0371	129.9171	45.34	84.98
NGS006	32.9327	129.6428	20.92	106.45
NGS007	32.9061	129.7802	32.79	93.3
NGS008	32.9231	130.1843	68.42	57.19
NGS009	32.8456	130.0218	95.6	69.95
NGS010	32.7353	129.8763	113.99	82.86
NGS011	32.7839	130.2024	61.01	52.44
NGS012	32.7884	130.3463	71.92	39.07
NGS013	32.5811	129.7596	17.04	95.76
NGS014	32.6106	130.1849	171.27	56.28
NGS015	33.2558	129.1255	9.92	162.52
NGS016	32.888	129.0211	9.4	163.37
NGS017	32.6658	128.8433	5.03	179.78
NGS018	32.6341	128.6194	2.15	200.94
NGS019	32.9002	129.9582	116.16	76.87
NGS020	34.6609	129.4594	6.56	243.98
NGS021	34.3973	129.324	8.82	226.22
NGS022	34.2029	129.2868	11.07	211.45
NGS023	33.7502	129.6899	28.2	149.11
OIT001	33.6783	131.5936	43.54	128.73
OIT002	33.5685	131.2678	90.52	102.17
OIT003	33.5575	131.4461	105.06	109.81
OIT004	33.5666	131.7378	29.48	128.2
OIT005	33.4549	131.1142	171.32	84.66
OIT006	33.4244	131.3148	172.53	90.7
OIT007	33.4169	131.6142	50.05	108.41
OIT008	33.2555	131.0203	81.06	60.85
OIT009	33.2569	131.3439	716.84	78
OIT010	33.2317	131.5934	118.23	94.05
OIT011	33.2461	131.8811	48.92	117.89
OIT012	33.0664	131.3734	98.12	66.87
OIT013	33.0726	131.5934	86.26	85.36
OIT014	33.0656	131.8589	84.57	108.14
OIT015	32.9722	131.397	153.22	64.12
OIT016	32.9747	131.9028	134.06	109.36
OIT017	32.8578	131.6587	34.15	84.61
OIT018	32.7972	131.9251	37.96	108.85
SAG001	33.5274	129.8771	20.76	119.18
SAG002	33.4247	129.9195	51.85	108.35
SAG003	33.373	130.2074	65.14	86.16
SAG004	33.2646	129.8813	37.79	99.9
SAG005	33.3213	130.0643	55.01	90.68
SAG006	33.1916	130.034	47.65	83.61
SAG007	33.2627	130.3004	125.9	71.17
SAG008	33.1038	130.0996	73.85	73.1
SMN008	34.8523	132.5308	6.16	284.96
SMN009	35.0112	132.2227	8.77	285.01
SMN010	34.887	132.0783	5.97	266.63
SMN011	34.5718	132.0141	5.98	233.09
SMN012	34.3529	131.9352	8.84	208.49
SMN013	34.669	131.8458	7.6	235.46
SMN014	34.4668	131.7752	12.57	212.41
YMG001	34.6173	131.6019	35.68	221.39
YMG002	34.4073	131.3987	34.96	193.17
YMG003	34.3829	131.6002	16.88	197.17
YMG004	34.3709	131.182	9.48	184.06
YMG005	34.2904	130.9484	12.91	171.82
YMG006	34.149	130.9298	28.27	156.01
YMG007	34.1657	131.2064	14.88	162.4
YMG008	34.0121	131.4042	28.06	152.17
YMG009	34.2319	131.8169	7.64	191.34
YMG010	34.2304	131.9822	7.49	199.48
YMG011	34.0643	131.0214	76.88	147.78
YMG012	33.9941	131.2181	74.51	144.36
YMG013	34.031	131.5348	85.74	159.19
YMG014	34.0544	131.8077	16.27	174.25
YMG015	34.0966	132.0758	12.82	192.84
YMG016	34.1699	132.1766	14.46	205.04
YMG017	33.9649	132.1011	20.87	183.38
YMG018	33.9091	132.3561	30.62	196.11
YMG019	33.8455	132.1204	6.5	175.2
